font
size 8
tex font.png
anim_speed 20
---
0 0 0 1 1 
1 1 0 1 1 
2 2 0 1 1 
3 3 0 1 1 
4 4 0 1 1 
5 5 0 1 1 
6 6 0 1 1 
7 7 0 1 1 
8 8 0 1 1 
9 9 0 1 1 
10 10 0 1 1 
11 11 0 1 1 
12 12 0 1 1 
13 13 0 1 1 
14 14 0 1 1 
15 15 0 1 1 
16 16 0 1 1 
17 17 0 1 1 
18 18 0 1 1 
19 19 0 1 1 
20 20 0 1 1 
21 20 0 1 1 
22 21 0 1 1 
23 22 0 1 1 
24 23 0 1 1 
25 24 0 1 1 
26 25 0 1 1 
27 0 2 1 1 
28 1 2 1 1 
29 2 2 1 1 
30 3 2 1 1 
31 4 2 1 1 
32 5 2 1 1 
33 6 2 1 1 
34 7 2 1 1 
35 8 2 1 1 
36 9 2 1 1 
37 10 2 1 1 
38 11 2 1 1 
39 12 2 1 1 
40 13 2 1 1 
41 14 2 1 1 
42 15 2 1 1 
43 16 2 1 1 
44 17 2 1 1 
45 18 2 1 1 
46 19 2 1 1 
47 20 2 1 1 
48 21 2 1 1 
49 22 2 1 1 
50 23 2 1 1 
51 24 2 1 1 
52 25 2 1 1 
53 0 4 1 1 
54 1 4 1 1 
55 2 4 1 1 
56 4 4 1 1 
57 6 4 1 1 
58 7 4 1 1 
59 8 4 1 1 
60 9 4 1 1 
61 10 4 1 1 
62 11 4 1 1 
63 12 4 1 1 
64 13 4 1 1 
