overworld
size 16
tex Overworld.png
anim_speed 20
---
0 0 0 1 1
1 0 1 1 1 1 1 1 1 2 1 1 1 3 1 1 1 0 2 1 1 1 2 1 1 2 2 1 1 3 2 1 1
2 0 3 1 1
3 1 3 1 1
4 2 3 1 1
5 0 4 1 1
6 1 4 1 1
7 2 4 1 1
8 0 5 1 1
9 1 5 1 1
10 2 5 1 1
11 0 6 1 1
12 1 6 1 1
13 0 7 1 1
14 1 7 1 1
15 2 6 1 1
16 3 6 1 1
17 4 6 1 1
18 2 7 1 1
19 3 7 1 1
20 4 7 1 1
21 2 8 1 1
22 3 8 1 1
23 4 8 1 1
24 0 9 1 1
25 1 9 1 1
26 0 10 1 1
27 1 10 1 1
28 2 9 1 1
29 3 9 1 1
30 2 10 1 1
31 3 10 1 1
32 4 9 1 1
33 5 9 1 1
34 6 9 1 1
35 4 10 1 1
36 5 10 1 1
37 6 10 1 1
38 4 11 1 1
39 5 11 1 1
40 6 11 1 1
41 4 12 1 1
42 5 12 1 1
43 6 12 1 1
44 4 13 1 1
45 5 13 1 1
46 6 13 1 1
47 4 14 1 1
48 5 14 1 1
49 6 14 1 1
50 7 9 1 1
51 8 9 1 1
52 7 10 1 1
53 8 10 1 1
54 7 11 1 1
55 8 11 1 1
56 7 12 1 1
57 5 6 1 1
58 6 6 1 1
59 7 6 1 1
60 5 7 1 1
61 6 7 1 1
62 7 7 1 1
63 5 8 1 1
64 6 8 1 1
65 7 8 1 1
66 8 6 1 1
67 8 7 1 1
68 8 8 1 1
69 9 8 1 1
70 9 7 1 1
71 9 6 1 1
72 10 6 1 1
73 10 7 1 1
74 10 8 1 1
75 3 5 1 1
76 4 5 1 1
77 5 5 1 1
78 4 1 2 2
79 1 0 1 1
80 2 0 1 1
81 3 0 1 1
82 4 0 1 1
83 5 0 1 1
84 6 0 5 5
85 11 0 5 5
86 16 0 2 2 18 0 2 2 20 0 2 2 16 2 2 2 18 2 2 2 20 2 2 2
87 22 0 1 1
88 23 0 1 1
89 24 0 1 1
90 22 1 1 1
91 23 1 1 1
92 24 1 1 1
93 22 2 1 1
94 23 2 1 1
95 24 2 1 1
96 22 3 1 1
97 23 3 1 1
98 24 3 1 1
99 22 4 1 1
100 23 4 1 1
101 24 4 1 1
102 22 5 1 1
103 23 5 1 1
104 24 5 1 1
105 25 0 1 2
106 25 2 1 2
107 26 0 1 1
108 26 1 1 1
109 26 2 1 1
110 26 3 1 1
111 27 0 1 1
112 27 1 1 1
113 27 2 1 1
114 27 3 1 1
115 28 0 1 1
116 28 1 1 1
117 29 1 1 1
118 29 0 1 1
119 28 2 1 1
120 28 3 1 1
121 29 3 1 1
122 29 2 1 1
123 30 0 1 1
124 30 1 1 1
125 31 1 1 1
126 31 0 1 1
127 32 0 1 1
128 32 1 1 1
129 33 1 1 1
130 33 0 1 1
131 34 0 1 1
132 34 1 1 1
133 35 1 1 1
134 35 0 1 1
135 36 0 1 1
136 36 1 1 1
137 37 0 1 1
138 37 1 1 1
139 38 1 1 1
140 38 2 1 1
141 37 2 1 1
142 36 2 1 1
143 35 2 1 1
144 34 2 1 1
145 33 2 1 1
146 32 2 1 1
147 31 2 1 1
148 30 2 1 1
149 30 3 1 1
150 26 4 1 1
151 26 5 1 1
152 26 6 1 1
153 26 7 1 1
154 27 7 1 1
155 27 6 1 1
156 27 5 1 1
157 27 4 1 1
158 28 4 1 2
159 29 4 1 2
160 30 4 1 2
161 30 6 1 2
162 29 6 1 2
163 28 6 1 2
164 31 5 2 2
165 31 3 2 2
166 33 3 2 2
167 35 3 2 2
168 33 5 2 2
169 37 3 1 1
170 37 4 1 1
171 38 4 1 1
172 38 3 1 1
173 35 5 2 2
174 37 5 2 2
175 39 5 1 2
176 39 7 1 2
177 37 7 2 1
178 35 7 2 1
179 35 8 2 2
180 37 8 1 1
181 38 8 1 1
182 37 9 1 1
183 35 10 3 3
184 35 13 1 1
185 35 14 1 1
186 36 14 1 1
187 36 13 1 1
188 33 8 1 1
189 32 8 1 1
190 31 8 1 1
191 29 8 1 1
192 28 8 1 1
193 27 8 1 1
194 26 8 1 1
195 25 7 1 2
196 24 7 1 1
197 24 8 1 1
198 23 8 1 1
199 23 7 1 1
200 22 7 1 1
201 22 8 1 1
202 21 7 1 1
203 22 9 3 3 25 9 3 3 28 9 3 3
204 30 13 1 1
205 30 14 1 1
206 22 12 1 1
207 23 12 1 1
208 21 14 1 1
209 22 14 1 1
210 22 17 1 1
211 22 18 1 1
212 23 18 1 1
213 23 17 1 1
214 23 19 1 1
215 22 19 1 1
216 18 12 1 1
217 19 12 1 1
218 20 12 1 1
219 20 13 1 1
220 19 13 1 1
221 18 13 1 1
222 19 14 1 1
223 18 14 1 1
224 20 14 1 1
225 17 13 1 1
226 17 12 1 1
227 17 11 1 1
228 16 11 1 1
229 15 11 1 1
230 15 12 1 1
231 16 12 1 1
232 15 13 1 1
233 16 13 1 1
234 16 14 1 1
235 15 14 1 1
236 15 15 1 1
237 16 15 1 1
238 17 15 1 1
239 18 15 1 1
240 18 16 1 1
241 17 16 1 1
242 16 4 1 2
243 17 4 1 2
244 18 4 1 2
245 19 4 1 2
246 20 4 1 2
247 15 6 1 1
248 16 6 1 1
249 17 6 1 1
250 15 7 1 1
251 16 7 1 1
252 17 7 1 1
253 15 8 1 1
254 16 8 1 1
255 17 8 1 1
261 18 6 1 1 19 6 1 1 20 6 1 1
262 18 7 1 1 19 7 1 1 20 7 1 1
263 18 8 1 1 19 8 1 1 20 8 1 1
264 17 9 3 1 17 10 3 1 18 11 3 1
265 11 7 2 2
266 13 8 2 2
267 11 9 2 1
268 9 10 2 1
269 9 11 2 2
270 11 11 1 2
271 12 11 2 2
272 14 11 1 1
273 14 12 1 1
274 11 5 1 1
275 12 5 1 1
276 12 6 1 1
277 11 6 1 1
278 12 13 1 1
279 12 14 1 1
280 13 13 1 1
281 13 14 1 1
282 14 13 1 1
283 14 14 1 1
284 13 15 1 1
285 13 16 1 1
286 14 15 1 1
287 14 16 1 1
288 11 15 1 1
289 11 16 1 1
290 12 16 1 1
291 12 15 1 1
292 10 13 1 1
293 11 13 1 1
294 11 14 1 1
295 10 14 1 1
296 9 14 1 1
297 8 14 1 1
298 8 13 1 1
299 9 13 1 1
300 9 15 1 1
301 8 15 1 1
302 1 8 1 1
303 0 8 1 1
304 0 11 1 1
305 1 11 1 1
306 2 11 1 1
307 3 11 1 1
308 3 12 1 1
309 2 12 1 1
310 1 12 1 1
311 0 12 1 1
312 0 13 1 1
313 0 14 1 1
314 0 15 1 1
315 0 16 1 1
316 1 16 1 1
317 1 15 1 1
318 1 14 1 1
319 1 13 1 1
320 2 13 1 1
321 3 13 1 1
322 3 14 1 1
323 3 15 1 1
324 2 15 1 1
325 2 14 1 1
326 2 16 1 1
327 3 16 1 1
328 4 16 1 1
329 5 17 1 1
330 5 16 1 1
331 6 16 1 1
332 6 17 1 1
333 7 17 1 1
334 7 16 1 1
335 9 17 1 1
336 10 17 1 1
337 10 18 1 1
338 9 18 1 1
339 9 19 1 1
340 10 19 1 1
341 10 20 1 1
342 9 20 1 1
343 9 21 1 1
344 10 21 1 1
345 8 18 1 1
346 7 18 1 1
347 6 18 1 1
348 5 18 1 1
349 5 19 1 1
350 4 19 1 1
351 3 19 1 1
352 3 20 1 1
353 4 20 1 1
354 5 20 1 1
355 6 19 1 1
356 7 19 1 1
357 7 20 1 1
358 6 20 1 1
359 6 21 1 1
360 7 21 1 1
361 5 21 1 1
362 4 21 1 1
363 3 21 1 1
364 2 20 1 1
365 1 20 1 1
366 0 20 1 1
367 0 17 1 1
368 0 18 1 1
369 0 19 1 1
370 1 19 1 1
371 2 18 1 1
372 2 17 1 1
373 3 17 1 1
374 3 18 1 1
375 4 18 1 1
376 4 17 1 1
377 0 21 3 3
378 0 24 3 3
379 0 27 3 1
380 0 29 1 1
381 1 29 1 1
382 2 29 1 1
383 2 30 1 1
384 1 30 1 1
385 0 30 1 1
386 0 31 1 1
387 1 31 1 1
388 2 31 1 1
389 2 32 1 1
390 1 32 1 1
391 0 32 1 1
392 0 33 1 1
393 1 33 1 1
394 1 34 1 1
395 0 34 1 1
396 0 35 1 1
397 1 35 1 1
398 3 32 1 1
399 3 31 1 1
400 3 29 2 2 5 29 2 2 7 29 2 2 9 29 2 2 11 29 2 2
401 4 31 4 4
402 10 31 4 3
403 8 31 2 3
404 24 31 4 3
405 19 29 2 3
406 22 29 2 3
407 21 29 1 3
408 19 28 2 1
409 22 28 2 1
410 21 28 1 1
411 21 32 1 1
412 19 32 2 1
413 22 32 2 1
420 25 22 1 4
421 26 22 1 4
422 27 22 1 4
423 28 22 1 4
424 29 22 1 4
425 25 26 1 3
426 26 26 1 3
427 27 26 1 3
428 28 26 1 3
429 29 26 1 3
430 17 29 1 1
431 17 30 1 1
432 18 30 1 1
433 18 29 1 1
434 16 32 1 1
435 17 32 1 1
436 18 32 1 1
437 16 33 1 1
438 17 33 1 1
439 18 33 1 1
440 14 32 1 1
441 15 32 1 1
442 14 33 1 1
443 15 33 1 1
444 14 29 1 1
445 15 29 1 1
446 16 29 1 1
447 14 30 1 1
448 15 30 1 1
449 16 30 1 1
450 14 31 1 1
451 15 31 1 1
452 16 31 1 1
453 13 28 1 1
454 12 28 1 1
455 11 28 1 1
456 10 28 1 1
457 9 28 1 1
458 9 27 1 1
459 10 27 1 1
460 7 27 2 2
461 6 27 1 2
462 5 27 1 2
463 4 28 1 1
464 3 22 3 5
465 6 22 2 2
466 6 26 4 1
467 8 22 2 2
468 8 24 2 2
469 10 24 1 2
470 10 22 1 2
471 11 22 1 1
472 12 22 1 1
473 13 22 1 1
474 11 23 1 1
475 12 23 2 2
476 11 25 3 2
477 14 25 2 2
478 15 23 1 1
479 16 23 1 1
480 15 24 1 1
481 16 24 1 1
482 11 20 1 1
483 12 20 1 1
484 11 21 1 1
485 12 21 1 1
486 13 20 1 1
487 14 20 1 1
488 13 21 1 1
489 14 21 1 1
490 11 19 1 1
491 12 19 1 1
492 13 19 1 1
493 11 18 1 1
494 12 18 1 1
495 13 18 1 1
496 11 17 1 1
497 12 17 1 1
498 13 17 1 1
499 14 17 1 1
500 15 17 1 1
501 16 17 1 1
502 14 18 1 1
503 15 18 1 1
504 16 18 1 1
505 14 19 1 1
506 15 19 1 1
507 16 19 1 1
508 15 20 1 1
509 16 20 1 1
510 17 20 1 1
511 15 21 1 1
512 16 21 1 1
513 17 21 1 1
514 15 22 1 1
515 16 22 1 1
516 17 22 1 1
517 18 20 1 1
518 19 20 1 1
519 20 20 1 1
520 18 21 1 1
521 19 21 1 1
522 20 21 1 1
523 21 20 1 1
524 22 20 1 1
525 21 21 1 1
526 22 21 1 1
527 18 22 5 6
528 16 27 2 2
529 14 27 2 2
530 16 25 2 2
531 23 22 2 2
532 23 20 1 2
533 25 20 1 2
534 24 20 1 2
535 26 20 1 2
536 27 20 1 2
537 28 20 1 2
538 29 20 1 2
539 24 17 1 1
540 25 17 1 1
541 25 18 1 1
542 24 18 1 1
543 24 19 1 1
544 27 17 1 1
545 28 17 1 1
546 27 18 1 1
547 28 18 1 1
548 27 19 1 1
549 28 19 1 1
550 29 17 1 1
551 29 18 1 1
552 29 19 1 1
553 30 19 1 1
554 30 18 1 1
555 30 17 1 1
556 31 17 1 1
557 31 18 1 1
558 31 19 1 1
559 32 19 1 1
560 32 18 1 1
561 32 17 1 1
562 33 17 1 1
563 33 18 1 1
564 33 19 1 1
565 34 19 1 1
566 34 18 1 1
567 34 17 1 1
568 35 17 1 1
569 35 18 1 1
570 35 19 1 1
571 36 19 1 1
572 36 18 1 1
573 36 17 1 1
574 37 17 1 1
575 37 18 1 1
576 37 19 1 1
577 38 19 1 1
578 38 18 1 1
579 38 17 1 1
580 39 17 1 1
581 39 18 1 1
582 39 19 1 1
583 33 16 1 1
584 23 13 1 1
585 24 13 1 1
586 25 13 1 1
587 26 13 1 1
588 27 13 1 1
589 28 13 1 1
590 29 13 1 1
591 25 12 1 1
592 26 12 1 1
593 27 12 1 1
594 23 14 1 1
595 24 14 1 1
596 25 14 1 1
597 26 14 1 1
598 27 14 1 1
599 28 14 1 1
600 29 14 1 1
601 23 15 1 1
602 24 15 1 1
603 25 15 1 1
604 26 15 1 1
605 27 15 1 1
606 28 15 1 1
607 29 15 1 1
608 30 15 1 1
609 29 16 1 1
610 28 16 1 1
611 24 16 1 1
612 23 16 1 1
613 32 14 1 1
614 32 13 1 1
615 32 12 1 1
616 32 11 1 1
617 32 10 1 1
618 32 9 1 1
619 33 10 1 1
620 34 9 1 1
621 34 10 1 1
622 34 11 1 1
623 34 12 1 1
624 34 13 1 1
625 34 14 1 1
626 3 3 1 1 4 3 1 1 5 3 1 1 3 4 1 1 4 4 1 1 5 4 1 1
627 17 9 1 1 17 10 1 1 18 11 1 1
628 18 9 1 1 18 10 1 1 19 11 1 1
629 19 9 1 1 19 10 1 1 20 11 1 1
